10.572435673857527
4.953161823634949
21.16043379313127
19.753097912245238
-24.564281168639717
-18.404375517149724
-17.68712599428861
1.247455075233629
-20.20449726874717
-57.32451899041925
11.983511255757996
-31.454197303473453
47.88288031544549
-25.150428217876367
-0.8588773520644757
-20.330086455339377
-14.299783130010912
-16.553624634202595
0.804728904034814
41.66789223613709
15.865563045239501
15.983103774999707
7.5145749682594944
-19.020462634355663
-8.418427142782308
-29.367668612374924
-8.764683564140979
5.888896188081628
3.416132772938049
40.809055587540655
34.34620749168272
11.382938774202957
-27.21063444542692
-13.197932095818638
-5.799028556015329
-2.3883247650079293
-17.7935196047025
19.275739769139904
6.03155598604785
0.7140800254452913
7.36516839883894
21.845556411682118
18.302903589094328
-1.4924430544109741
11.37634972729726
25.533590279613364
-15.72617137747611
-46.12179040388681
23.680460164475686
17.75545118460054
15.226730910054469
-4.804240835841655
-3.1963584632198314
-22.29599227969676
7.948628913033443
-15.236410466594732
-19.12456330324264
-32.29482246283164
7.485844954564065
-7.9570302434283215
-28.60542127879787
-10.562726044698259
0.30797809998624776
11.172578029239679
-0.2035635647725326
12.354187617450364
15.459561804574202
-17.788594411382345
-7.2845787467519765
-27.787642687954456
-3.7595102612236335
-27.466851111889063
-1.5041990647146564
31.21533443875353
14.3265546875177
12.023419128849731
5.240723440720675
14.714458065714302
0.5661884470149572
37.74700163313827
42.88418831115017
14.32688267011546
12.251341259301768
29.361440230325954
-10.230941032799244
9.129917830694499
18.823192075690393
-3.6210399138052702
6.043572608134565
-16.054722633201663
18.873042523964056
-18.94395505455847
-12.885672962257427
23.767160026780218
42.960780738252794
40.7107250806797
-15.317521396263242
-9.562887563159014
-11.634977886249413
11.345164148763981
-2.0589291126215303
3.581424933821871
8.859025314121244
-10.776269593340702
-7.781434370091929
-40.613531795528374
8.157752171474243
-7.415134566835145
-38.64711242807749
-15.866067327276829
-18.35201742644188
-2.9579465729981083
-4.769099306326988
22.118193127381375
-18.34865085585997
41.20982125296794
2.235012405430633
-24.332910261110676
-2.346810035182691
-44.71268062137872
-3.3249082275032116
-17.177218067394488
-0.35992116397116636
26.822738151394407
17.585779294551795
-35.66780048972815
-22.159229267346518
-10.972126737839496
-20.78022882833267
18.490115289194197
-22.93557009541386
13.064919663422934
1.2898616346244005
-36.59671821278558
-7.832770366841892
29.857064291991
9.903803695185209
14.761074142753916
-0.5320509934287225
10.594803029378978
3.993993710050977
7.926266072950893
-38.937782076809455
20.83665511646613
20.482057242518255
-2.2329517349823447
12.194765497373242
8.253874227595006
14.215147150055447
15.539813008957825
20.193786202011115
-16.752533392034024
18.07111726012479
-11.142626006913275
32.75329767738646
-10.933492506292946
-19.78891935252299
-17.746498955755143
-27.478504132764662
-1.1329444516495275
39.728834672362346
52.7081003564155
78.96615049085696
120.84642499347065
178.9368541473369
251.63845137295218
335.1313434763884
423.78378804380975
510.8490164541002
589.1770386844895
651.7147426044191
691.7608988260623
703.1705160748003
680.8172062145545
621.5255576948057
525.3961261001169
397.10064339985666
246.5164663847996
88.14319541446159
-60.883935435675845
-183.83696312408915
-267.6867416901318
-305.66369033373707
-298.319575980859
-252.8368065564302
-180.9306354175835
-96.11792540511453
-11.214045192562116
63.33924028527856
120.16415095891296
154.91991873294162
166.01074945959263
154.38390271815717
123.48599119317716
79.15729862118822
29.13143134962176
-18.058760480588536
-54.65979371059768
-75.33999778303831
-78.3373209930555
-65.67694601622436
-42.35787697635833
-14.796258526907195
10.92760553174287
30.4557920663605
41.82728240183118
45.421811710225796
43.425206727728536
39.163136353459976
36.553613488415905
13.321232412643349
-40.96698461229999
-3.5066245066051502
17.192280256339462
28.030982984200612
-36.242302585873965
4.1212528001704865
9.582244131387977
-27.428660851044704
-3.054580045357363
42.556377206246985
-16.429703331116247
-4.3478725472982305
-34.6102422452946
43.312362278847075
1.1957471797035977
-10.58272466955135
-43.411243282471155
15.648154122325144
-47.68554714175842
31.556888064012483
7.742823972227271
-13.161331368189549
-5.74471169534251
-2.7348384268214603
-1.7461634686530547
-4.403031513012609
24.671028690888836
31.011643291309984
21.306456010365377
-35.77839529802807
3.4658840789040783
-4.47683360821122
14.781550790452144
6.397949965593817
16.621858170987597
-4.622214177655342
6.530401215459316
5.505262508940852
29.77091982820165
-20.728234182123117
17.883677996131695
-7.512349258024552
-14.709251712609728
-24.926281199933662
7.729975469905747
17.325025337686856
5.882608521154596
-14.481809289351306
15.862358473341038
3.7751200820650115
22.39212653794878
-10.487141386701989
12.773693879373127
-55.70760610306635
-27.88690611300862
-14.219535440341753
-1.6943797513074743
1.805658837144473
27.13715259263609
-10.423357076318123
20.53651615393874
11.525650726733584
-0.43728934805099184
3.091602229067989
-6.116358641354878
-35.44392061719496
10.50114339702085
-9.662232880082389
11.01916821785567
-2.347329167076544
3.4825325125208635
7.299191452433974
-2.7118605386339345
35.53961329099883
-21.281751798623002
1.9139376957913077
-47.94337211664004
7.161806513955694
6.759767084291273
-3.0
-55.59834152487838
-165.73237160349981
-331.8165544924864
-540.2687083435292
-767.1970033759042
-982.0
-1152.2804581775213
-1249.2397724456032
-1252.6293476268993
-1154.4040083205105
-960.4390807140603
-690.0
-373.0349342076672
-45.7312916564706
254.927682803459
496.70057261493673
656.799661100534
725.0
704.6444133376219
611.4040083205103
470.0374222389387
309.7323716034996
158.85148870015325
40.0
-33.73067942755506
-60.70057261493707
-50.51920292301247
-21.760227554397034
1.984934289277362
25.6721636579018
1.4553003370684305
13.73362148018497
5.716072973455125
-47.22415757110488
-6.188968163061361
1.7195541884662846
-1.2395504246933513
-12.081571782267941
-5.462178830398723
-19.434665282560303
-19.61248274968081
-5.351916290705095
-12.994512733821733
29.585209941908637
-16.88799979450606
-4.3034193289306195
32.3506190676273
16.409596538611225
30.435646771927548
25.67842725797471
1.3325842498281812
5.797018604863493
5.803435220927105
-32.30564902246824
22.270465420762125
-9.487456663596443
2.354610633472211
-5.074087981906697
50.06414612348181
48.466034175661015
-23.00131062023191
-22.932752486433273
16.68556095895705
37.50280952422047
74.26744459349797
125.63030436350093
189.15320770078856
262.38984150333454
343.24264084302644
429.37124651709456
516.9897389512962
599.7973385496922
668.8182517277395
713.5486256753021
724.2005224110289
694.2937507646284
622.6432670681577
514.0206029702754
378.31289915620823
228.5904707895041
78.84160084182021
-57.90493192494346
-170.7135368058109
-251.24051459657403
-294.00716037633134
-296.834472380781
-261.51400337874315
-194.38804455943784
-106.27938649647173
-11.313909032818767
75.40006562104983
140.73281208485105
176.25181909977798
179.80224903223834
155.43523706458558
111.77691327751039
59.483158309512405
8.675466969285974
-32.88862790970726
-60.586271922523686
-72.79657301296787
-70.31208687153307
-55.73207652376876
-33.02379621722257
-7.1361584375147995
16.598132150076633
33.43271665777316
40.42061161314769
37.45159794248097
27.60707534697825
16.529036377367248
10.917018757945442
0.6350610096502003
0.293724275066062
0.8737109681403981
-20.063518746491724
-19.15995538026613
-5.173050798365204
15.639326705977679
-16.527082004806925
-30.580349614862975
13.758031364373029
-14.879150697886868
-12.860954515226792
-3.8551396950504406
-2.748956850518532
8.343889418644098
3.8509484770857156
18.331031194216443
11.38898796843266
5.534909233327031
30.41403887431056
-12.194325883987787
7.019048729353651
4.186120793986268
23.238764850403506
-6.207306842298625
24.24709812322879
20.408089324468072
-21.991499168794984
34.06869197739275
-3.9488321359745133
-20.714075414522497
6.44036154253814
2.489296934386783
12.533786928482167
-14.108551367599937
11.320579108451588
24.955680333986226
53.85019776591973
100.7724276476907
166.14753187963464
247.43783945250175
339.2178897885063
433.9974580023032
523.5099243179974
599.9744451022132
656.8831588775516
689.1486856838405
692.824792856352
664.8743697467885
603.4452449174081
508.81006451763653
384.6761749077013
239.2120726844143
85.0760381273905
-61.963270952735456
-185.6716586077825
-272.56385516252925
-314.6980288679906
-311.16919783696375
-267.8857853066611
-195.82555621294821
-108.45493868692037
-19.16025164262762
60.65418865833203
122.56164058716396
161.37276019604406
175.03736599642977
164.5016730376409
133.58519184579492
88.68938092110028
38.06651697764483
-9.474597136242144
-46.248018370204704
-67.2965028357276
-71.37623641801783
-60.94633892343344
-41.154453786814315
-18.19230640481586
2.3908926875957
16.881601439188938
23.84402607991244
23.90343952762055
19.20380240458741
12.894059106680336
8.816839296283964
-541.9491497833377
-991.0018684456345
196.96686233676948
1937.3884035908266
-1831.8160301677271
339.7288924522528
1840.9243915584077
-119.66450782137353
1166.2751508059112
895.2332986464976
979.3794479373078
-843.8961789594742
-737.0934430926312
631.7110443419081
-1299.4554112763035
954.3580026455465
-1711.5219393682703
327.3231881903362
657.9040210137007
13.914796487498382
26.49973726701999
41.204266301307754
27.190659342512227
5.308732517952752
3.2464826040408012
-16.48106473827272
-37.52637493241023
-20.14484003163681
22.64697131899601
17.217416367424626
-11.57388886054963
-16.780302484473133
35.96948303034683
5.0694813401124375
-22.22549311294405
-8.274634966399784
-21.993464344821078
15.899387312362553
3.784363346833878
7.342534430817277
9.892771527092595
-53.90252003955282
-9.639982311272895
-21.106966832524453
13.360042233470782
-19.991028760267596
46.42355324886522
-20.49294573652648
9.47019811139222
-8.253348203865812
35.20085528713145
-30.29531547828656
11.226086474081141
12.216424289972341
-18.626237830727096
31.446341473407422
-20.217236886086646
-12.956625281287728
25.696311199289397
-8.798548786757456
-23.291040021141605
6.441355697706062
36.07091808313813
-17.76737801530767
-18.671956266745767
4.689803277192784
25.52714056958516
10.963762857036155
-10.336977742943267
-0.317288605956198
20.85256287827474
23.702833282314238
6.2225406899175875
-1.112640897642497
40.567292807368645
-18.259951681564583
9.002806473816245
12.02933255590807
9.164985920312791
-27.52528505421086
6.087812708194069
3.8684429084069123
-5.870306171521823
-11.335703447583839
-32.03241030973752
2.6614901686474464
22.90698838377896
6.81806715829296
31.765767644114685
9.01385337423161
-28.05709302924059
20.646543561314687
-38.385335644488705
13.209623298430465
21.78910541686969
-11.057265742210449
29.09352577375118
43.379686181767056
72.20014141140284
117.33711332384034
178.69353139739985
254.16409800473443
339.76667135079146
429.98987787251076
518.2541469170072
597.3760469481242
659.983676555109
698.9272787433077
707.8060001221047
681.7291511162081
618.3235226546145
518.8189983324784
388.87437450284966
238.73979164938405
82.45341896757459
-63.97071601203392
-185.07412615086568
-268.6371624283803
-307.84122619747166
-302.35546239830285
-258.0981310457912
-185.80044517517302
-98.81227695519505
-10.729848982482514
66.63320575678382
124.61465522817659
158.34220050212784
166.75791002347523
152.2161163470033
119.80980463898543
76.50455524025148
30.1100706377347
-11.862997986695584
-43.33971278432266
-60.612454449109535
-62.84844611649984
-52.02365691159897
-32.27833621027056
-8.85353120739425
13.117192926931544
29.667140782474615
38.69078514281409
40.18997948946196
36.117518480377136
29.93900991119325
26.042967634395282
9.864274465651171
5.913780898947737
-8.930070095704362
-2.683106810073443
11.340980231381156
39.35574514195973
9.318165945549794
4.677330100061479
-4.605418783183367
-6.8387709836496775
14.250162747023264
-42.51402670748171
-2.5918084164983086
-4.270255497841405
28.549279334736404
38.7247785453969
-31.432858524591243
18.286724954282395
-31.08138710543091
3.294302230904666
-61.246415753323554
2.5221590085454966
1100000
